Monte: 169.5015728192
Hit: 169.6283370000